Trends in Number of COVID-19 Vaccinations in the US
Date generated: Sun Feb 14 2021 15:46:09 GMT-0600 (Central Standard Time)

Date Type,Date,Program,Total Doses Administered Daily,Daily Count People Receiving Dose 1,Daily Count People Receiving Dose 2,Total Doses Administered Cumulative,People Receiving 1 or More Doses Cumulative,People Receiving 2 Doses Cumulative,7-Day Avg Daily Count Dose 1,7-Day Avg Total Doses Daily,7-Day Avg Daily Count Dose 2,Total Doses Administered Daily Change,7-Day Avg Total Doses Administered Daily Change
Admin,2020-12-14,US,3529,3411,4,12758,11608,958,5804,6379,479,null,null
Admin,2020-12-15,US,48438,45027,18,61196,56635,976,18878,20398,325,null,null
Admin,2020-12-16,US,156822,150011,178,218018,206646,1154,51661,54504,288,null,null
Admin,2020-12-17,US,267790,257123,458,485808,463769,1612,92753,97161,322,null,null
Admin,2020-12-18,US,403965,393019,464,889773,856788,2076,142798,148295,346,null,null
Admin,2020-12-19,US,169807,165349,645,1059580,1022137,2721,146019,151368,388,null,null
Admin,2020-12-20,US,100060,98071,333,1159640,1120208,3054,158858,164344,300,null,null
Admin,2020-12-21,US,370899,362884,631,1530539,1483092,3685,210212,216825,389,null,null
Admin,2020-12-22,US,436771,427914,1764,1967310,1911006,5449,264910,272302,639,null,null
Admin,2020-12-23,US,552440,540876,1466,2519750,2451882,6915,320748,328818,823,null,null
Admin,2020-12-24,US,189290,183934,839,2709040,2635816,7754,310292,317604,877,null,null
Admin,2020-12-25,US,11783,11711,26,2720823,2647527,7780,255819,261578,814,null,null
Admin,2020-12-26,US,134247,131941,260,2855070,2779468,8040,251047,256498,759,null,null
Admin,2020-12-27,US,89976,88201,248,2945046,2867669,8288,249637,255058,747,null,null
Admin,2020-12-28,US,558989,545664,1952,3504035,3413333,10240,275748,281928,936,null,null
Admin,2020-12-29,US,685850,665945,2369,4189885,4079278,12609,309753,317510,1022,null,null
Admin,2020-12-30,US,802151,780399,4602,4992036,4859677,17211,343970,353183,1470,null,null
Admin,2020-12-31,US,403200,392530,1402,5395236,5252207,18613,373770,383742,1551,null,null
Admin,2021-01-01,US,36765,35564,582,5432001,5287771,19195,377177,387311,1630,null,null
Admin,2021-01-02,US,238619,232374,1701,5670620,5520145,20896,391525,402221,1836,null,null
Admin,2021-01-03,US,121569,116005,1823,5792189,5636150,22719,395497,406734,2061,null,null
Admin,2021-01-04,US,606508,554142,40430,6398697,6190292,63149,396708,413523,7558,null,null
Admin,2021-01-05,US,763262,672036,79034,7161959,6862328,142183,397578,424582,18510,null,null
Admin,2021-01-06,US,942476,767482,159142,8104435,7629810,301325,395733,444628,40587,null,null
Admin,2021-01-07,US,1080178,804562,258211,9184613,8434372,559536,454595,541339,77274,null,null
Admin,2021-01-08,US,1142587,788004,336122,10327200,9222376,895658,562086,699314,125209,null,null
Admin,2021-01-09,US,466911,346801,115124,10794111,9569177,1010782,578433,731927,141412,null,null
Admin,2021-01-10,US,226968,161013,63885,11021079,9730190,1074667,584862,746984,150278,null,null
Admin,2021-01-11,US,985493,669767,300168,12006572,10399957,1374835,601380,801125,187383,null,null
Admin,2021-01-12,US,1151953,844789,291516,13158525,11244746,1666351,626059,856652,217738,null,null
Admin,2021-01-13,US,1226165,961424,250307,14384690,12206170,1916658,653765,897179,230761,null,null
Admin,2021-01-14,US,1216288,1082823,121099,15600978,13288993,2037757,693517,916623,211174,null,null
Admin,2021-01-15,US,1154602,1041085,104433,16755580,14330078,2142190,729671,918340,178076,null,null
Admin,2021-01-16,US,596793,533079,60575,17352373,14863157,2202765,756282,936894,170283,null,null
Admin,2021-01-17,US,274468,238324,34801,17626841,15101481,2237566,767327,943680,166128,null,null
Admin,2021-01-18,US,785405,583131,198819,18412246,15684612,2436385,754950,915096,151650,null,null
Admin,2021-01-19,US,1230538,904138,314086,19642784,16588750,2750471,763429,926322,154874,null,null
Admin,2021-01-23,US,828055,695108,125789,24932702,20915501,3668048,864620,1082904,209326,null,null
Admin,2021-01-24,US,352790,278379,71977,25285492,21193880,3740025,870342,1094093,214637,null,null
Admin,2021-01-25,US,1228764,793508,425080,26514256,21987388,4165105,900396,1157430,246960,null,null
Admin,2021-01-30,US,913631,704308,203169,34153546,27384509,6347911,924144,1317263,382837,null,null
Admin,2021-01-31,US,400223,298851,99297,34553769,27683360,6447208,927068,1324039,386740,null,null
Admin,2021-02-01,US,1153329,668535,476075,35707098,28351895,6923283,909215,1313263,394025,null,null
Admin,2021-02-06,US,1139951,766989,367723,44331420,33631043,10218395,892362,1453982,552926,null,null
Admin,2021-02-07,US,379659,242010,133764,44711079,33873053,10352159,884241,1451044,557850,null,null
Admin,2021-02-13,US,103438,52086,51231,52884356,38292270,14077440,665889,1221848,551292,null,null
Admin,2021-02-14,US,0,0,0,52884356,38292270,14077440,631316,1167611,532183,null,null
Admin,N/A,US,9229,8197,954,9229,8197,954,8197,9229,954,null,null
Report,2020-12-14,US,null,null,null,null,null,null,null,null,null,509,72
Report,2020-12-15,US,null,null,null,null,null,null,null,null,null,12129,1805
Report,2020-12-16,US,null,null,null,null,null,null,null,null,null,38996,7376
Report,2020-12-17,US,null,null,null,null,null,null,null,null,null,75708,18191
Report,2020-12-18,US,null,null,null,null,null,null,null,null,null,126800,36306
Report,2020-12-19,US,null,null,null,null,null,null,null,null,null,187508,63092
Report,2020-12-20,US,null,null,null,null,null,null,null,null,null,209853,93071
Report,2020-12-21,US,null,null,null,null,null,null,null,null,null,149957,114421
Report,2020-12-22,US,null,null,null,null,null,null,null,null,null,189722,139792
Report,2020-12-23,US,null,null,null,null,null,null,null,null,null,368173,186817
Report,2020-12-24,US,null,null,null,null,null,null,null,null,null,338436,224349
Report,2020-12-25,US,null,null,null,null,null,null,null,null,null,336145,254256
Report,2020-12-26,US,null,null,null,null,null,null,null,null,null,156478,249823
Report,2020-12-27,US,null,null,null,null,null,null,null,null,null,61992,228700
Report,2020-12-28,US,null,null,null,null,null,null,null,null,null,156220,229595
Report,2020-12-29,US,null,null,null,null,null,null,null,null,null,314677,247445
Report,2020-12-30,US,null,null,null,null,null,null,null,null,null,441549,257928
Report,2020-12-31,US,null,null,null,null,null,null,null,null,null,573278,291477
Report,2021-01-01,US,null,null,null,null,null,null,null,null,null,434528,305531
Report,2021-01-02,US,null,null,null,null,null,null,null,null,null,290402,324663
Report,2021-01-03,US,null,null,null,null,null,null,null,null,null,185279,342276
Report,2021-01-04,US,null,null,null,null,null,null,null,null,null,239472,354169
Report,2021-01-05,US,null,null,null,null,null,null,null,null,null,337114,357374
Report,2021-01-06,US,null,null,null,null,null,null,null,null,null,600055,380018
Report,2021-01-10,US,null,null,null,null,null,null,null,null,null,727095,613626
Report,2021-01-11,US,null,null,null,null,null,null,null,null,null,419440,639336
Report,2021-01-12,US,null,null,null,null,null,null,null,null,null,516858,665013
Report,2021-01-18,US,null,null,null,null,null,null,null,null,null,548050,871377
Report,2021-01-19,US,null,null,null,null,null,null,null,null,null,621154,886277
Admin,2021-01-20,US,1484717,1094869,377624,21127501,17683619,3128095,782492,963258,173062,null,null
Report,2021-01-20,US,null,null,null,null,null,null,null,null,null,441318,808253
Admin,2021-01-21,US,1492884,1242906,235943,22620385,18926525,3364038,805361,1002772,189468,null,null
Admin,2021-01-22,US,1484262,1293868,178221,24104647,20220393,3542259,841473,1049866,200009,null,null
Admin,2021-01-26,US,1513086,994831,504586,28027342,22982219,4669691,913352,1197794,274174,null,null
Admin,2021-01-27,US,1748179,1162990,568062,29775521,24145209,5237753,923084,1235431,301379,null,null
Admin,2021-01-28,US,1762509,1269619,481495,31538030,25414828,5719248,926900,1273949,336458,null,null
Admin,2021-01-29,US,1701885,1265373,425494,33239915,26680201,6144742,922829,1305038,371783,null,null
Admin,2021-02-02,US,1471128,862929,598754,37178226,29214824,7522037,890372,1307269,407478,null,null
Report,2021-02-02,US,null,null,null,null,null,null,null,null,null,558458,1319980
Admin,2021-02-03,US,1891436,1156626,721722,39069662,30371450,8243759,889463,1327734,429429,null,null
Admin,2021-02-04,US,2055043,1264432,779416,41124705,31635882,9023175,888722,1369525,471989,null,null
Admin,2021-02-05,US,2066764,1228172,827497,43191469,32864054,9850672,883407,1421650,529418,null,null
Admin,2021-02-08,US,1342863,746694,588949,46053942,34619747,10941108,895407,1478120,573975,null,null
Admin,2021-02-09,US,1656550,897843,751314,47710492,35517590,11692422,900395,1504609,595769,null,null
Admin,2021-02-10,US,1862462,1010228,846065,49572954,36527818,12538487,879481,1500470,613532,null,null
Admin,2021-02-11,US,1795268,968591,821143,51368222,37496409,13359630,837218,1463359,619493,null,null
Admin,2021-02-12,US,1412696,743775,666579,52780918,38240184,14026209,768018,1369921,596505,null,null
Report,N/A,US,null,null,null,null,null,null,null,null,null,0,0
Admin,2020-12-14,LTC,0,0,0,219,219,0,109,109,0,null,null
Admin,2020-12-15,LTC,0,0,0,219,219,0,73,73,0,null,null
Admin,2020-12-16,LTC,0,0,0,219,219,0,54,54,0,null,null
Admin,2020-12-17,LTC,5,5,0,224,224,0,44,44,0,null,null
Admin,2020-12-18,LTC,1517,1318,0,1741,1542,0,257,290,0,null,null
Admin,2020-12-19,LTC,323,323,0,2064,1865,0,266,294,0,null,null
Admin,2020-12-20,LTC,211,211,0,2275,2076,0,265,293,0,null,null
Admin,2020-12-21,LTC,14146,13983,0,16421,16059,0,2262,2314,0,null,null
Admin,2020-12-24,LTC,2042,2026,16,57925,54756,38,7790,8243,5,null,null
Admin,2020-12-25,LTC,115,115,0,58040,54871,38,7618,8042,5,null,null
Admin,2020-12-26,LTC,9312,9188,13,67352,64059,51,8884,9326,7,null,null
Admin,2020-12-27,LTC,8922,8798,8,76274,72857,59,10111,10571,8,null,null
Admin,2021-01-01,LTC,1591,1587,4,309299,303018,473,35449,35894,62,null,null
Report,2021-01-07,US,null,null,null,null,null,null,null,null,null,730700,402507
Report,2021-01-08,US,null,null,null,null,null,null,null,null,null,870465,464783
Report,2021-01-09,US,null,null,null,null,null,null,null,null,null,790484,536224
Report,2021-01-13,US,null,null,null,null,null,null,null,null,null,987485,720361
Report,2021-01-14,US,null,null,null,null,null,null,null,null,null,1093867,772242
Report,2021-01-15,US,null,null,null,null,null,null,null,null,null,956233,784494
Report,2021-01-16,US,null,null,null,null,null,null,null,null,null,1141043,834574
Report,2021-01-17,US,null,null,null,null,null,null,null,null,null,856109,853005
Report,2021-01-21,US,null,null,null,null,null,null,null,null,null,1021093,797857
Report,2021-01-22,US,null,null,null,null,null,null,null,null,null,1561585,884336
Report,2021-01-23,US,null,null,null,null,null,null,null,null,null,1430031,925620
Report,2021-01-24,US,null,null,null,null,null,null,null,null,null,1310665,990556
Report,2021-01-25,US,null,null,null,null,null,null,null,null,null,885588,1038776
Report,2021-01-26,US,null,null,null,null,null,null,null,null,null,806751,1065290
Report,2021-01-27,US,null,null,null,null,null,null,null,null,null,1111640,1161050
Report,2021-01-28,US,null,null,null,null,null,null,null,null,null,1541048,1235329
Report,2021-01-29,US,null,null,null,null,null,null,null,null,null,1690979,1253814
Report,2021-01-30,US,null,null,null,null,null,null,null,null,null,1693241,1291416
Report,2021-01-31,US,null,null,null,null,null,null,null,null,null,1545397,1324949
Report,2021-02-01,US,null,null,null,null,null,null,null,null,null,1099103,1355451
Report,2021-02-03,US,null,null,null,null,null,null,null,null,null,1097394,1317945
Report,2021-02-04,US,null,null,null,null,null,null,null,null,null,1325456,1287146
Report,2021-02-05,US,null,null,null,null,null,null,null,null,null,1615502,1276364
Report,2021-02-06,US,null,null,null,null,null,null,null,null,null,2218752,1351437
Report,2021-02-07,US,null,null,null,null,null,null,null,null,null,2172973,1441091
Report,2021-02-08,US,null,null,null,null,null,null,null,null,null,1206680,1456459
Report,2021-02-09,US,null,null,null,null,null,null,null,null,null,788573,1489332
Report,2021-02-10,US,null,null,null,null,null,null,null,null,null,1563780,1555959
Report,2021-02-11,US,null,null,null,null,null,null,null,null,null,1620300,1598080
Report,2021-02-12,US,null,null,null,null,null,null,null,null,null,2020288,1655906
Report,2021-02-13,US,null,null,null,null,null,null,null,null,null,2231326,1657702
Admin,2021-02-13,LTC,0,0,0,5822871,4160233,1635501,52941,122154,68805,null,null
Report,2021-02-14,US,null,null,null,null,null,null,null,null,null,2242472,1667631
Admin,2021-02-14,LTC,0,0,0,5822871,4160233,1635501,48732,113132,64011,null,null
Admin,N/A,LTC,219,219,0,219,219,0,219,219,0,null,null
Admin,2020-12-22,LTC,16769,16547,9,33190,32606,9,4626,4710,1,null,null
Admin,2020-12-23,LTC,22693,20124,13,55883,52730,22,7501,7952,3,null,null
Admin,2020-12-28,LTC,59075,58482,20,135349,131339,79,16468,16989,11,null,null
Admin,2020-12-29,LTC,79103,77994,73,214452,209333,152,25246,25894,20,null,null
Admin,2020-12-30,LTC,77125,76044,247,291577,285377,399,33235,33670,53,null,null
Admin,2020-12-31,LTC,16131,16054,70,307708,301431,469,35239,35683,61,null,null
Admin,2021-01-02,LTC,46016,45368,38,355315,348386,511,40618,41137,65,null,null
Admin,2021-01-03,LTC,32359,31686,57,387674,380072,568,43887,44485,72,null,null
Admin,2021-01-04,LTC,85417,84544,58,473091,464616,626,47611,48248,78,null,null
Admin,2021-01-05,LTC,96380,95799,100,569471,560415,726,50154,50717,82,null,null
Admin,2021-01-06,LTC,94574,93701,173,664045,654116,899,52677,53209,71,null,null
Admin,2021-01-07,LTC,122737,121581,336,786782,775697,1235,67752,68439,109,null,null
Admin,2021-01-08,LTC,113528,111500,1247,900310,887197,2482,83454,84430,287,null,null
Admin,2021-01-09,LTC,50406,49516,336,950716,936713,2818,84046,85057,329,null,null
Admin,2021-01-10,LTC,35437,34972,283,986153,971685,3101,84516,85497,361,null,null
Admin,2021-01-11,LTC,143046,130825,11353,1129199,1102510,14454,91127,93729,1975,null,null
Admin,2021-01-12,LTC,156118,141843,13367,1285317,1244353,27821,97705,102263,3870,null,null
Admin,2021-01-13,LTC,159471,142896,15735,1444788,1387249,43556,104733,111534,6093,null,null
Admin,2021-01-14,LTC,141008,137421,2981,1585796,1524670,46537,106996,114144,6471,null,null
Admin,2021-01-15,LTC,112399,110030,1457,1698195,1634700,47994,106786,113983,6501,null,null
Admin,2021-01-16,LTC,64048,56414,6986,1762243,1691114,54980,107771,115932,7451,null,null
Admin,2021-01-17,LTC,48846,42991,5628,1811089,1734105,60608,108917,117848,8215,null,null
Admin,2021-01-18,LTC,169689,129002,40139,1980778,1863107,100747,108656,121654,12327,null,null
Admin,2021-01-19,LTC,179845,131895,47302,2160623,1995002,148049,107235,125043,17175,null,null
Admin,2021-01-20,LTC,190140,146416,43109,2350763,2141418,191158,107738,129425,21086,null,null
Admin,2021-01-21,LTC,143313,132098,10881,2494076,2273516,202039,106978,129754,22214,null,null
Admin,2021-01-22,LTC,125923,121179,4443,2619999,2394695,206482,108570,131686,22641,null,null
Admin,2021-01-23,LTC,95565,67719,27692,2715564,2462414,234174,110185,136188,25599,null,null
Admin,2021-01-24,LTC,62041,42798,19145,2777605,2505212,253319,110158,138073,27530,null,null
Admin,2021-01-25,LTC,182821,125514,56937,2960426,2630726,310256,109659,139949,29929,null,null
Admin,2021-01-26,LTC,203004,133145,69483,3163430,2763871,379739,109838,143258,33098,null,null
Admin,2021-01-27,LTC,210352,140008,69933,3373782,2903879,449672,108923,146145,36930,null,null
Admin,2021-01-28,LTC,189086,117835,70882,3562868,3021714,520554,106885,152684,45502,null,null
Admin,2021-01-29,LTC,176330,113626,62412,3739198,3135340,582966,105806,159885,53783,null,null
Admin,2021-01-30,LTC,94519,60488,33838,3833717,3195828,616804,104773,159736,54661,null,null
Admin,2021-01-31,LTC,66320,42264,23917,3900037,3238092,640721,104697,160347,55343,null,null
Admin,2021-02-01,LTC,171944,87848,83691,4071981,3325940,724412,99316,158793,59165,null,null
Admin,2021-02-02,LTC,186231,95800,89446,4258212,3421740,813858,93981,156397,62017,null,null
Admin,2021-02-03,LTC,196602,100315,95710,4454814,3522055,909568,88310,154433,65699,null,null
Admin,2021-02-04,LTC,200157,98573,101156,4654971,3620628,1010724,85559,156014,70024,null,null
Admin,2021-02-05,LTC,204982,109372,95215,4859953,3730000,1105939,84951,160107,74710,null,null
Admin,2021-02-06,LTC,107836,59645,47927,4967789,3789645,1153866,84831,162010,76723,null,null
Admin,2021-02-07,LTC,63152,29463,33553,5030941,3819108,1187419,83002,161557,78099,null,null
Admin,2021-02-08,LTC,158150,72822,84772,5189091,3891930,1272191,80855,159587,78254,null,null
Admin,2021-02-09,LTC,165752,73595,91449,5354843,3965525,1363640,77683,156661,78540,null,null
Admin,2021-02-10,LTC,157666,59368,97524,5512509,4024893,1461164,71834,151099,78799,null,null
Admin,2021-02-11,LTC,153421,60504,92488,5665930,4085397,1553652,66395,144422,77561,null,null
Admin,2021-02-12,LTC,156941,74836,81849,5822871,4160233,1635501,61461,137559,75651,null,null
